www.random.net -> 15 2 -> 1	0.64444447
www.data.co -> 5 18 9 37 2 -> 10	0.6262626
www.sample.com -> 41  -> 11	0.47348487
www.newsite.io -> 34 38 20 9 3 -> 12	0.61111116
www.sample.io -> 32 43 22 4 42 3 -> 13	0.67424244
www.info.com -> 30 13 16 39 2 -> 14	0.8095238
www.website.co -> 16 14 5 22 2 1 -> 15	0.73376626
www.page.org -> 33 16 1 4 -> 16	1.0032108
www.mysite.co -> 26 25 31 16 31 18 2 4 -> 17	0.4004329
www.sample.net -> 6 29 32 46 18 8  -> 18	0.5694445
www.data.io -> 7 39 23 34 1 -> 19	0.8333334
www.newsite.com -> 2 4 -> 2	1.031746
www.mysite.net -> 19 20 25 19 2 -> 20	0.5909091
www.example.net -> 22 19 24 5  -> 22	0.7857143
www.test.co -> 38 22 40 13 4 -> 23	0.8270202
www.info.co -> 12 7 27 47 1 -> 24	0.70202017
www.random.io -> 8 10 7 23 35 1 2  -> 25	0.61111116
www.demo.com -> 40 4 34 26 4 -> 26	0.5694445
www.info.io -> 20 36 6 28 1 -> 27	0.5909091
www.info.net -> 37 2 28 1 1 -> 28	0.61111116
www.website.io -> 48 8 2 32  -> 29	0.50757575
www.test.net -> 47 35 47 26 13 31 3 -> 3	0.7777778
www.example.co -> 29 33 26 30 1 -> 30	0.7575758
www.random.com -> 25 6 14 18 2 -> 31	0.8055556
www.sample.co -> 36 11 4 41 40 9 10 13 21 2 -> 33	0.93376625
www.data.com -> 27 1 35 10 4 -> 35	0.49368685
www.website.net -> 14 27 38 33 2 -> 36	0.25757575
www.page.co -> 28 12 42 45 8 24 50 4 -> 37	0.80681825
www.data.net -> 24 31 30 44 1 -> 38	0.7678572
www.page.io -> 11 15 37 40 30 29 39 46 23 3 -> 4	0.5254329
www.example.com -> 12 47 19 8 3 -> 42	0.511544
www.example.org -> 13 34 45 31 45 9 1 -> 45	0.6944444
www.test.io -> 10 24 48 21 20 42 37 35 17 1 -> 46	0.38257578
www.mysite.com -> 31 42 41 12  -> 47	0.86111116
www.page.com ->  -> 5	0.4761905
www.random.co -> 21 40 43 48 1 -> 6	0.625
www.test.com -> 17 21 33 7 48 3 -> 7	0.7539683
www.newsite.net -> 9 30 21 14 3 -> 8	0.6805556
www.website.com -> 23 37 44 38 9 29 1 -> 9	1.1742424
